Number of nodes 621 
     0 :  0.0000000e+00  1.0000000e+00 
     1 :  0.0000000e+00  0.0000000e+00 
     2 :  1.0000000e+00  1.0000000e+00 
     3 :  1.0000000e+00  7.5000000e-01 
     4 :  5.0000000e-01  7.5000000e-01 
     5 :  5.0000000e-01  2.5000000e-01 
     6 :  1.0000000e+00  2.5000000e-01 
     7 :  1.0000000e+00  0.0000000e+00 
     8 :  0.0000000e+00  9.6428571e-01 
     9 :  0.0000000e+00  3.5714286e-02 
    10 :  0.0000000e+00  1.0714286e-01 
    11 :  0.0000000e+00  1.7857143e-01 
    12 :  0.0000000e+00  2.5000000e-01 
    13 :  0.0000000e+00  3.2142857e-01 
    14 :  0.0000000e+00  3.9285714e-01 
    15 :  0.0000000e+00  4.6428571e-01 
    16 :  0.0000000e+00  5.3571429e-01 
    17 :  0.0000000e+00  6.0714286e-01 
    18 :  0.0000000e+00  6.7857143e-01 
    19 :  0.0000000e+00  7.5000000e-01 
    20 :  0.0000000e+00  8.2142857e-01 
    21 :  0.0000000e+00  8.9285714e-01 
    22 :  0.0000000e+00  9.2857143e-01 
    23 :  0.0000000e+00  8.5714286e-01 
    24 :  0.0000000e+00  7.8571429e-01 
    25 :  0.0000000e+00  7.1428571e-01 
    26 :  0.0000000e+00  6.4285714e-01 
    27 :  0.0000000e+00  5.7142857e-01 
    28 :  0.0000000e+00  5.0000000e-01 
    29 :  0.0000000e+00  4.2857143e-01 
    30 :  0.0000000e+00  3.5714286e-01 
    31 :  0.0000000e+00  2.8571429e-01 
    32 :  0.0000000e+00  2.1428571e-01 
    33 :  0.0000000e+00  1.4285714e-01 
    34 :  0.0000000e+00  7.1428571e-02 
    35 :  9.6428571e-01  1.0000000e+00 
    36 :  3.5714286e-02  1.0000000e+00 
    37 :  1.0714286e-01  1.0000000e+00 
    38 :  1.7857143e-01  1.0000000e+00 
    39 :  2.5000000e-01  1.0000000e+00 
    40 :  3.2142857e-01  1.0000000e+00 
    41 :  3.9285714e-01  1.0000000e+00 
    42 :  4.6428571e-01  1.0000000e+00 
    43 :  5.3571429e-01  1.0000000e+00 
    44 :  6.0714286e-01  1.0000000e+00 
    45 :  6.7857143e-01  1.0000000e+00 
    46 :  7.5000000e-01  1.0000000e+00 
    47 :  8.2142857e-01  1.0000000e+00 
    48 :  8.9285714e-01  1.0000000e+00 
    49 :  9.2857143e-01  1.0000000e+00 
    50 :  8.5714286e-01  1.0000000e+00 
    51 :  7.8571429e-01  1.0000000e+00 
    52 :  7.1428571e-01  1.0000000e+00 
    53 :  6.4285714e-01  1.0000000e+00 
    54 :  5.7142857e-01  1.0000000e+00 
    55 :  5.0000000e-01  1.0000000e+00 
    56 :  4.2857143e-01  1.0000000e+00 
    57 :  3.5714286e-01  1.0000000e+00 
    58 :  2.8571429e-01  1.0000000e+00 
    59 :  2.1428571e-01  1.0000000e+00 
    60 :  1.4285714e-01  1.0000000e+00 
    61 :  7.1428571e-02  1.0000000e+00 
    62 :  1.0000000e+00  7.8125000e-01 
    63 :  1.0000000e+00  8.4375000e-01 
    64 :  1.0000000e+00  9.0625000e-01 
    65 :  1.0000000e+00  9.6875000e-01 
    66 :  1.0000000e+00  8.1250000e-01 
    67 :  1.0000000e+00  8.7500000e-01 
    68 :  1.0000000e+00  9.3750000e-01 
    69 :  9.6428571e-01  7.5000000e-01 
    70 :  8.9285714e-01  7.5000000e-01 
    71 :  8.2142857e-01  7.5000000e-01 
    72 :  7.5000000e-01  7.5000000e-01 
    73 :  6.7857143e-01  7.5000000e-01 
    74 :  6.0714286e-01  7.5000000e-01 
    75 :  5.3571429e-01  7.5000000e-01 
    76 :  9.2857143e-01  7.5000000e-01 
    77 :  8.5714286e-01  7.5000000e-01 
    78 :  7.8571429e-01  7.5000000e-01 
    79 :  7.1428571e-01  7.5000000e-01 
    80 :  6.4285714e-01  7.5000000e-01 
    81 :  5.7142857e-01  7.5000000e-01 
    82 :  4.6442129e-01  7.4745536e-01 
    83 :  4.6442129e-01  2.5254464e-01 
    84 :  3.9614625e-01  2.7259200e-01 
    85 :  3.3628482e-01  3.1106261e-01 
    86 :  2.8968662e-01  3.6483980e-01 
    87 :  2.6012676e-01  4.2956686e-01 
    88 :  2.5000000e-01  5.0000000e-01 
    89 :  2.6012676e-01  5.7043314e-01 
    90 :  2.8968662e-01  6.3516020e-01 
    91 :  3.3628482e-01  6.8893739e-01 
    92 :  3.9614625e-01  7.2740800e-01 
    93 :  4.2956686e-01  7.3987324e-01 
    94 :  3.6483980e-01  7.1031338e-01 
    95 :  3.1106261e-01  6.6371518e-01 
    96 :  2.7259200e-01  6.0385375e-01 
    97 :  2.5254464e-01  5.3557871e-01 
    98 :  2.5254464e-01  4.6442129e-01 
    99 :  2.7259200e-01  3.9614625e-01 
   100 :  3.1106261e-01  3.3628482e-01 
   101 :  3.6483980e-01  2.8968662e-01 
   102 :  4.2956686e-01  2.6012676e-01 
   103 :  5.3571429e-01  2.5000000e-01 
   104 :  6.0714286e-01  2.5000000e-01 
   105 :  6.7857143e-01  2.5000000e-01 
   106 :  7.5000000e-01  2.5000000e-01 
   107 :  8.2142857e-01  2.5000000e-01 
   108 :  8.9285714e-01  2.5000000e-01 
   109 :  9.6428571e-01  2.5000000e-01 
   110 :  5.7142857e-01  2.5000000e-01 
   111 :  6.4285714e-01  2.5000000e-01 
   112 :  7.1428571e-01  2.5000000e-01 
   113 :  7.8571429e-01  2.5000000e-01 
   114 :  8.5714286e-01  2.5000000e-01 
   115 :  9.2857143e-01  2.5000000e-01 
   116 :  1.0000000e+00  3.1250000e-02 
   117 :  1.0000000e+00  9.3750000e-02 
   118 :  1.0000000e+00  1.5625000e-01 
   119 :  1.0000000e+00  2.1875000e-01 
   120 :  1.0000000e+00  6.2500000e-02 
   121 :  1.0000000e+00  1.2500000e-01 
   122 :  1.0000000e+00  1.8750000e-01 
   123 :  3.5714286e-02  0.0000000e+00 
   124 :  9.6428571e-01  0.0000000e+00 
   125 :  8.9285714e-01  0.0000000e+00 
   126 :  8.2142857e-01  0.0000000e+00 
   127 :  7.5000000e-01  0.0000000e+00 
   128 :  6.7857143e-01  0.0000000e+00 
   129 :  6.0714286e-01  0.0000000e+00 
   130 :  5.3571429e-01  0.0000000e+00 
   131 :  4.6428571e-01  0.0000000e+00 
   132 :  3.9285714e-01  0.0000000e+00 
   133 :  3.2142857e-01  0.0000000e+00 
   134 :  2.5000000e-01  0.0000000e+00 
   135 :  1.7857143e-01  0.0000000e+00 
   136 :  1.0714286e-01  0.0000000e+00 
   137 :  7.1428571e-02  0.0000000e+00 
   138 :  1.4285714e-01  0.0000000e+00 
   139 :  2.1428571e-01  0.0000000e+00 
   140 :  2.8571429e-01  0.0000000e+00 
   141 :  3.5714286e-01  0.0000000e+00 
   142 :  4.2857143e-01  0.0000000e+00 
   143 :  5.0000000e-01  0.0000000e+00 
   144 :  5.7142857e-01  0.0000000e+00 
   145 :  6.4285714e-01  0.0000000e+00 
   146 :  7.1428571e-01  0.0000000e+00 
   147 :  7.8571429e-01  0.0000000e+00 
   148 :  8.5714286e-01  0.0000000e+00 
   149 :  9.2857143e-01  0.0000000e+00 
   150 :  4.9981711e-01  1.6090261e-01 
   151 :  2.8418214e-01  7.4213563e-02 
   152 :  2.6593489e-01  8.6995683e-01 
   153 :  3.1585921e-01  8.1351775e-01 
   154 :  9.2668547e-02  2.6295781e-01 
   155 :  1.6372159e-01  4.6913995e-01 
   156 :  5.2990838e-02  3.2447477e-01 
   157 :  6.8115275e-02  5.6204804e-01 
   158 :  5.0282188e-01  9.4115883e-01 
   159 :  9.6429258e-01  8.1251313e-01 
   160 :  5.0469410e-01  8.8268318e-01 
   161 :  5.7212731e-01  9.6986198e-01 
   162 :  1.6983237e-01  1.9310719e-01 
   163 :  3.9256935e-01  3.4641391e-02 
   164 :  8.9285483e-01  1.2503261e-01 
   165 :  4.9983941e-01  6.5131537e-02 
   166 :  7.8480934e-02  3.2986873e-01 
   167 :  9.8129661e-02  4.8048575e-01 
   168 :  1.3047633e-01  4.3093949e-01 
   169 :  9.6461417e-02  4.4083942e-01 
   170 :  8.5714034e-01  6.2537257e-02 
   171 :  9.6428511e-01  6.2505957e-02 
   172 :  4.2837413e-01  3.3849673e-02 
   173 :  2.8495802e-01  3.6975751e-02 
   174 :  4.6404143e-01  6.6241095e-02 
   175 :  3.9997137e-01  7.7975205e-01 
   176 :  1.8676602e-01  8.9736746e-01 
   177 :  7.5868879e-02  8.2186151e-01 
   178 :  2.1741066e-01  9.6660081e-01 
   179 :  2.2095506e-01  3.3781365e-01 
   180 :  2.0777014e-01  3.8239936e-01 
   181 :  1.9530458e-01  4.6630307e-01 
   182 :  1.0015959e-01  1.8740442e-01 
   183 :  7.1427940e-01  3.1369499e-02 
   184 :  8.5718335e-01  8.1258282e-01 
   185 :  5.7330978e-01  8.4794517e-01 
   186 :  6.7910241e-01  8.7608783e-01 
   187 :  7.8581425e-01  8.1270952e-01 
   188 :  6.0760840e-01  9.6955129e-01 
   189 :  7.8576828e-01  7.8136438e-01 
   190 :  9.6429531e-01  8.7501857e-01 
   191 :  7.8581492e-01  9.3769968e-01 
   192 :  6.4316368e-01  9.6930689e-01 
   193 :  1.4827437e-01  6.6859608e-01 
   194 :  1.7820834e-01  6.2505561e-01 
   195 :  7.1691618e-02  6.3647370e-01 
   196 :  7.5067003e-02  7.1118712e-01 
   197 :  2.5769294e-01  3.4820126e-01 
   198 :  7.1462804e-01  8.7570155e-01 
   199 :  8.9285509e-01  1.5628023e-01 
   200 :  2.0220506e-01  2.3792867e-01 
   201 :  9.6428499e-01  9.3757829e-02 
   202 :  7.8570766e-01  1.2513167e-01 
   203 :  2.8099847e-01  2.3673703e-01 
   204 :  6.4282294e-01  9.4450907e-02 
   205 :  4.3372423e-01  9.4177307e-01 
   206 :  4.3863928e-01  8.8527209e-01 
   207 :  1.7113134e-01  3.7837884e-01 
   208 :  5.0392046e-01  8.2395892e-01 
   209 :  1.0398263e-01  1.1180128e-01 
   210 :  2.8172120e-01  1.9166632e-01 
   211 :  9.6428505e-01  1.5625789e-01 
   212 :  3.2085718e-01  3.6292419e-02 
   213 :  4.4254559e-01  7.9388329e-01 
   214 :  6.9154714e-02  1.1030542e-01 
   215 :  8.5713971e-01  9.3798837e-02 
   216 :  2.2594931e-01  6.5996299e-01 
   217 :  4.1368845e-01  8.3191786e-01 
   218 :  8.9287067e-01  7.8127747e-01 
   219 :  6.4360789e-01  9.0770334e-01 
   220 :  5.7318699e-01  9.0937073e-01 
   221 :  2.1321088e-01  3.7690749e-02 
   222 :  1.0866527e-01  9.6495383e-01 
   223 :  2.8946686e-01  9.6832680e-01 
   224 :  1.0622807e-01  3.7143615e-02 
   225 :  6.7854954e-01  9.4203751e-02 
   226 :  1.0237044e-01  1.4947822e-01 
   227 :  6.7855667e-01  1.8786499e-01 
   228 :  1.4300734e-01  6.2934837e-01 
   229 :  3.5634942e-01  7.1057021e-02 
   230 :  7.2423552e-02  9.6466560e-01 
   231 :  1.5323688e-01  8.2416101e-01 
   232 :  4.4265401e-01  8.3335270e-01 
   233 :  3.2744052e-02  4.9377827e-01 
   234 :  4.0588628e-01  8.8440871e-01 
   235 :  3.6069924e-01  9.6995882e-01 
   236 :  1.1428023e-01  8.2262643e-01 
   237 :  8.2142414e-01  9.3827311e-02 
   238 :  5.3565643e-01  3.2194006e-02 
   239 :  3.3951262e-02  1.4504355e-01 
   240 :  3.2097708e-02  2.1761974e-01 
   241 :  7.0767454e-02  3.6703612e-02 
   242 :  2.4366375e-01  1.9453002e-01 
   243 :  2.2812949e-01  8.6579511e-01 
   244 :  3.3339386e-01  9.0840515e-01 
   245 :  2.8695858e-01  7.7136248e-01 
   246 :  6.4362647e-01  8.4541999e-01 
   247 :  7.5015592e-01  8.1283193e-01 
   248 :  9.2859039e-01  9.0628771e-01 
   249 :  2.4906203e-01  3.7454686e-02 
   250 :  6.4326149e-02  2.2126537e-01 
   251 :  2.4692130e-01  1.1357521e-01 
   252 :  7.4999581e-01  3.1327273e-02 
   253 :  9.2857009e-01  1.5626733e-01 
   254 :  2.4336404e-01  7.5684305e-01 
   255 :  3.7750247e-01  8.5429553e-01 
   256 :  3.9600328e-01  9.7050609e-01 
   257 :  6.4368014e-01  8.7667831e-01 
   258 :  8.5720039e-01  8.7511602e-01 
   259 :  9.6429442e-01  9.0626717e-01 
   260 :  7.5022042e-01  8.7545092e-01 
   261 :  3.1978730e-01  1.0963725e-01 
   262 :  7.8570992e-01  1.8759410e-01 
   263 :  1.4058837e-01  7.5129772e-02 
   264 :  1.1020552e-01  9.2982823e-01 
   265 :  2.6131032e-01  9.0247913e-01 
   266 :  4.4086068e-01  8.5844656e-01 
   267 :  2.6822713e-02  3.2238015e-01 
   268 :  3.5941034e-01  7.9473876e-01 
   269 :  1.5299238e-01  7.0864762e-01 
   270 :  1.2491665e-01  2.6970359e-01 
   271 :  3.1856886e-02  4.5725122e-01 
   272 :  2.5917138e-02  3.5452167e-01 
   273 :  1.5489297e-01  7.4853295e-01 
   274 :  5.3561008e-01  6.4303023e-02 
   275 :  7.4999356e-01  1.8764757e-01 
   276 :  7.4999665e-01  2.1883023e-01 
   277 :  1.8119140e-01  9.6590230e-01 
   278 :  3.6824809e-01  9.1081865e-01 
   279 :  3.9386766e-01  2.4056046e-01 
   280 :  3.5370502e-02  3.6215349e-02 
   281 :  4.2886868e-01  2.3084671e-01 
   282 :  1.9943642e-01  4.2549009e-01 
   283 :  2.2505164e-01  4.6491353e-01 
   284 :  5.7137533e-01  1.8899565e-01 
   285 :  5.3559710e-01  1.5917094e-01 
   286 :  4.9988364e-01  1.9167004e-01 
   287 :  3.3668425e-01  7.5668041e-01 
   288 :  1.7147581e-01  5.8623862e-01 
   289 :  8.2142398e-01  1.2508400e-01 
   290 :  6.0708731e-01  1.2620849e-01 
   291 :  6.7856168e-01  3.1433905e-02 
   292 :  6.0709425e-01  1.5741168e-01 
   293 :  4.6400185e-01  1.6362422e-01 
   294 :  1.8668157e-01  6.6530901e-01 
   295 :  3.9061683e-01  8.0279129e-01 
   296 :  3.6998329e-01  7.6985943e-01 
   297 :  8.9289003e-01  9.0631569e-01 
   298 :  5.7339875e-01  8.7885549e-01 
   299 :  5.7139120e-01  3.1889860e-02 
   300 :  5.7134419e-01  9.5395572e-02 
   301 :  2.1063176e-01  1.1418502e-01 
   302 :  7.1427093e-01  1.2532049e-01 
   303 :  1.3913177e-01  1.1307985e-01 
   304 :  3.3823371e-01  8.7865244e-01 
   305 :  3.7413576e-02  7.1272160e-01 
   306 :  1.1312551e-01  8.5881914e-01 
   307 :  9.2857931e-01  7.8126566e-01 
   308 :  8.2151222e-01  8.4392141e-01 
   309 :  7.1441702e-01  7.8154216e-01 
   310 :  9.6429467e-01  8.4376716e-01 
   311 :  7.8584509e-01  8.4402045e-01 
   312 :  9.6429227e-01  9.3751313e-01 
   313 :  5.7134148e-01  1.2687464e-01 
   314 :  7.0038038e-02  7.3455496e-02 
   315 :  2.1203438e-01  7.5650716e-02 
   316 :  7.4999022e-01  1.2520557e-01 
   317 :  4.9996257e-01  2.2146868e-01 
   318 :  5.7140182e-01  2.1960263e-01 
   319 :  8.5714070e-01  1.8753776e-01 
   320 :  5.3567745e-01  2.2021860e-01 
   321 :  3.0329022e-02  4.2116812e-01 
   322 :  8.2149315e-01  9.3762835e-01 
   323 :  6.0841682e-01  8.7756590e-01 
   324 :  6.7894230e-01  9.3821146e-01 
   325 :  6.4284537e-01  2.1906859e-01 
   326 :  8.5714144e-01  3.1270124e-02 
   327 :  6.0712487e-01  2.1926526e-01 
   328 :  2.8073484e-01  2.9690847e-01 
   329 :  3.5906901e-01  2.5387158e-01 
   330 :  3.2323490e-01  2.7145786e-01 
   331 :  6.7895067e-01  8.1334680e-01 
   332 :  9.2858580e-01  9.3752889e-01 
   333 :  8.5716474e-01  7.8129495e-01 
   334 :  3.5587523e-01  1.4282245e-01 
   335 :  3.9269007e-01  2.0705246e-01 
   336 :  6.0710011e-01  6.3302435e-02 
   337 :  7.1428068e-01  2.1887628e-01 
   338 :  9.2857023e-01  6.2513127e-02 
   339 :  6.7856377e-01  2.1894974e-01 
   340 :  3.5889721e-02  6.3973077e-01 
   341 :  7.3551153e-02  6.7380411e-01 
   342 :  3.6733615e-02  6.7622470e-01 
   343 :  4.1294775e-01  7.5932234e-01 
   344 :  3.8254642e-01  7.4746782e-01 
   345 :  1.5463773e-01  7.8703040e-01 
   346 :  8.2146305e-01  7.8132195e-01 
   347 :  7.5008423e-01  7.8143210e-01 
   348 :  8.5719588e-01  8.4385771e-01 
   349 :  3.1988682e-01  2.2667149e-01 
   350 :  4.2820499e-01  6.7642120e-02 
   351 :  1.7467718e-01  1.1395006e-01 
   352 :  7.8570923e-01  6.2592185e-02 
   353 :  7.1460096e-01  9.0687924e-01 
   354 :  8.2151936e-01  8.7518400e-01 
   355 :  9.2858609e-01  8.1252893e-01 
   356 :  7.4373689e-02  8.9373257e-01 
   357 :  7.1427446e-01  6.2722091e-02 
   358 :  6.6461819e-02  1.8431954e-01 
   359 :  9.6428496e-01  1.2500850e-01 
   360 :  6.4342613e-01  9.3855929e-01 
   361 :  9.2859210e-01  8.7504085e-01 
   362 :  6.0801027e-01  9.3904200e-01 
   363 :  7.8585604e-01  8.7528881e-01 
   364 :  5.4911007e-02  3.7989636e-01 
   365 :  3.0648607e-02  2.5354395e-01 
   366 :  1.4838195e-01  3.2119564e-01 
   367 :  2.7903863e-02  3.8682293e-01 
   368 :  5.7273830e-01  9.3967158e-01 
   369 :  8.2149242e-01  8.1263224e-01 
   370 :  8.9288225e-01  8.1255065e-01 
   371 :  9.2859060e-01  8.4378779e-01 
   372 :  6.7906521e-01  8.4480556e-01 
   373 :  6.4344986e-01  8.1387615e-01 
   374 :  8.2151266e-01  9.0641871e-01 
   375 :  6.4317713e-01  7.8204058e-01 
   376 :  6.0807237e-01  8.1477754e-01 
   377 :  5.7220532e-01  7.8374259e-01 
   378 :  8.9288224e-01  9.3755022e-01 
   379 :  7.8571143e-01  3.1299756e-02 
   380 :  9.6428522e-01  1.8750605e-01 
   381 :  9.2856998e-01  9.3767225e-02 
   382 :  2.4553207e-01  1.5307583e-01 
   383 :  3.5673138e-01  2.1623137e-01 
   384 :  6.7854867e-01  1.2549926e-01 
   385 :  6.0708913e-01  9.4827735e-02 
   386 :  9.7050346e-02  2.2540865e-01 
   387 :  4.6396901e-01  9.9117733e-02 
   388 :  8.9285561e-01  1.8752320e-01 
   389 :  9.2857043e-01  1.8751330e-01 
   390 :  3.2912283e-01  9.3863733e-01 
   391 :  3.7255979e-01  8.8210019e-01 
   392 :  3.6435154e-01  9.4017647e-01 
   393 :  3.7152857e-02  8.9323019e-01 
   394 :  7.4999061e-01  9.3938504e-02 
   395 :  6.7855405e-01  6.2842699e-02 
   396 :  6.4283440e-01  1.8807822e-01 
   397 :  5.0147178e-01  9.7055563e-01 
   398 :  4.6821210e-01  9.4169191e-01 
   399 :  4.3117375e-01  9.7078314e-01 
   400 :  4.6630043e-01  9.7077976e-01 
   401 :  5.3766123e-01  9.4041540e-01 
   402 :  5.3674342e-01  9.7021680e-01 
   403 :  7.8584546e-01  9.0651348e-01 
   404 :  6.7877646e-01  7.8172522e-01 
   405 :  2.5724140e-01  9.3494554e-01 
   406 :  7.3418848e-02  9.2927112e-01 
   407 :  2.9341463e-01  9.3682442e-01 
   408 :  8.5713959e-01  1.2505303e-01 
   409 :  3.9212719e-01  1.0391788e-01 
   410 :  3.9231404e-01  6.9286826e-02 
   411 :  5.0172296e-01  7.9237102e-01 
   412 :  5.3805418e-01  8.1916868e-01 
   413 :  5.3690591e-01  7.8621246e-01 
   414 :  5.3557764e-01  1.2789375e-01 
   415 :  2.4805990e-01  7.5200221e-02 
   416 :  4.2839859e-01  1.9981846e-01 
   417 :  1.7267294e-01  1.5302356e-01 
   418 :  6.4282590e-01  1.5698723e-01 
   419 :  2.5352350e-01  9.6742969e-01 
   420 :  3.7826313e-02  7.4915210e-01 
   421 :  8.9285535e-01  6.2522923e-02 
   422 :  2.4073857e-01  2.3940340e-01 
   423 :  3.3449627e-02  5.3032391e-01 
   424 :  3.4184190e-02  5.6681029e-01 
   425 :  6.6685296e-02  5.2475870e-01 
   426 :  6.3785644e-02  4.4959338e-01 
   427 :  6.9485564e-02  3.5055973e-01 
   428 :  2.4176908e-01  3.8821311e-01 
   429 :  6.7855128e-01  1.5671936e-01 
   430 :  3.3167188e-02  1.8137485e-01 
   431 :  7.8570791e-01  9.3871019e-02 
   432 :  8.2142449e-01  1.5632794e-01 
   433 :  3.1938814e-01  1.4718535e-01 
   434 :  4.6412079e-01  1.9474677e-01 
   435 :  6.9807271e-02  5.9924363e-01 
   436 :  3.5008303e-02  6.0326524e-01 
   437 :  4.6428558e-01  2.2458566e-01 
   438 :  2.4409393e-01  6.1201825e-01 
   439 :  1.9473920e-01  5.0541179e-01 
   440 :  2.2613324e-01  5.3941643e-01 
   441 :  2.2348442e-01  5.0243702e-01 
   442 :  3.9219994e-01  1.7292502e-01 
   443 :  2.6044673e-01  6.4812932e-01 
   444 :  1.3007386e-01  3.7541514e-01 
   445 :  1.0243852e-01  3.4590295e-01 
   446 :  6.5392235e-02  4.8725439e-01 
   447 :  5.7518638e-02  2.9259235e-01 
   448 :  4.1845403e-01  8.0846609e-01 
   449 :  7.5946424e-02  7.4844293e-01 
   450 :  7.5223798e-02  8.5795974e-01 
   451 :  4.6009481e-01  7.8205741e-01 
   452 :  4.2496471e-01  7.8735378e-01 
   453 :  4.3963484e-01  7.6960923e-01 
   454 :  2.9774583e-01  9.0551300e-01 
   455 :  1.9277191e-01  8.2689096e-01 
   456 :  1.8391483e-01  9.3174827e-01 
   457 :  3.7839228e-02  8.2154315e-01 
   458 :  1.0521549e-01  7.4378633e-02 
   459 :  4.2808948e-01  1.0129423e-01 
   460 :  3.2519610e-01  9.6920273e-01 
   461 :  1.4920374e-01  8.9566690e-01 
   462 :  2.9949927e-01  7.3895810e-01 
   463 :  1.9581393e-01  7.0813971e-01 
   464 :  7.1427258e-01  1.5654954e-01 
   465 :  1.7744318e-01  3.7689931e-02 
   466 :  1.3453174e-01  1.9046705e-01 
   467 :  4.6415258e-01  3.3165012e-02 
   468 :  1.0742088e-01  6.3305289e-01 
   469 :  1.3831702e-01  5.9078102e-01 
   470 :  1.0168862e-01  5.5722072e-01 
   471 :  1.0430950e-01  5.9508818e-01 
   472 :  1.5131690e-01  8.6026329e-01 
   473 :  1.1476246e-01  7.4810116e-01 
   474 :  3.7551500e-02  8.5746447e-01 
   475 :  6.4282994e-01  6.3026238e-02 
   476 :  7.1427153e-01  9.4042833e-02 
   477 :  1.3721149e-01  1.5149037e-01 
   478 :  1.8416813e-01  3.3000008e-01 
   479 :  2.8790358e-02  2.8868587e-01 
   480 :  6.0711893e-01  3.1676752e-02 
   481 :  3.5603965e-01  1.0680338e-01 
   482 :  9.6428538e-01  3.1253222e-02 
   483 :  1.1335367e-01  7.0978306e-01 
   484 :  1.1065151e-01  6.7129794e-01 
   485 :  2.8254522e-01  1.5086558e-01 
   486 :  7.4999255e-01  6.2643378e-02 
   487 :  9.2482433e-02  4.0001658e-01 
   488 :  4.9942022e-02  3.5228702e-01 
   489 :  7.1460290e-01  8.4441945e-01 
   490 :  8.9289001e-01  8.4381608e-01 
   491 :  9.6428942e-01  7.8125707e-01 
   492 :  5.7289400e-01  8.1635656e-01 
   493 :  8.5719612e-01  9.0635671e-01 
   494 :  8.2142554e-01  1.8755987e-01 
   495 :  3.4392946e-01  8.4958363e-01 
   496 :  2.3756376e-01  7.9545956e-01 
   497 :  4.2814709e-01  1.6762220e-01 
   498 :  5.3563489e-01  1.8996650e-01 
   499 :  5.0480908e-01  8.5352155e-01 
   500 :  5.3875932e-01  8.8060664e-01 
   501 :  5.3868914e-01  8.5029992e-01 
   502 :  4.9991155e-01  3.2613274e-02 
   503 :  3.1788464e-01  7.1175708e-01 
   504 :  2.1242187e-01  6.1950991e-01 
   505 :  2.2422952e-01  8.9966658e-01 
   506 :  4.3622517e-01  9.1317916e-01 
   507 :  3.7953167e-02  7.8543934e-01 
   508 :  6.4282167e-01  1.2577720e-01 
   509 :  1.8974336e-01  8.6253018e-01 
   510 :  1.4492837e-01  9.6535659e-01 
   511 :  1.9736366e-01  7.5065173e-01 
   512 :  6.0764238e-01  7.8261430e-01 
   513 :  5.0394831e-01  9.1186384e-01 
   514 :  5.3837202e-01  9.1057355e-01 
   515 :  5.3558222e-01  9.6235921e-02 
   516 :  1.1171913e-01  8.9449824e-01 
   517 :  3.2504051e-01  7.8424760e-01 
   518 :  1.6571606e-01  4.2632021e-01 
   519 :  1.1642905e-01  3.0878392e-01 
   520 :  4.7188488e-01  8.3015324e-01 
   521 :  4.7138107e-01  8.8453557e-01 
   522 :  4.7222396e-01  8.5685606e-01 
   523 :  4.2805815e-01  1.3468384e-01 
   524 :  2.0324480e-01  5.8129378e-01 
   525 :  9.2857076e-01  3.1257087e-02 
   526 :  8.9285613e-01  3.1262374e-02 
   527 :  1.3064845e-01  2.2998252e-01 
   528 :  4.6995134e-01  9.1288664e-01 
   529 :  6.4284189e-01  3.1531302e-02 
   530 :  3.5673113e-01  3.5483221e-02 
   531 :  8.2142504e-01  6.2558931e-02 
   532 :  4.4351474e-01  8.1116407e-01 
   533 :  7.6166742e-02  7.8536283e-01 
   534 :  3.4992224e-02  7.2450504e-02 
   535 :  7.4999129e-01  1.5644145e-01 
   536 :  8.5718373e-01  9.3758135e-01 
   537 :  6.7905858e-01  9.0721165e-01 
   538 :  6.0829523e-01  9.0840882e-01 
   539 :  7.5015591e-01  9.3780792e-01 
   540 :  7.5020357e-01  9.0665856e-01 
   541 :  6.0834364e-01  8.4639885e-01 
   542 :  2.2069367e-01  9.3320365e-01 
   543 :  2.3252453e-01  8.3126854e-01 
   544 :  7.1452877e-01  8.1302801e-01 
   545 :  1.7619480e-01  7.5594561e-02 
   546 :  7.1427603e-01  1.8773169e-01 
   547 :  5.7135309e-01  1.5808808e-01 
   548 :  7.1452643e-01  9.3797061e-01 
   549 :  1.3468955e-01  5.5245013e-01 
   550 :  1.6676306e-01  5.4787392e-01 
   551 :  3.8337319e-01  8.2773860e-01 
   552 :  1.3227535e-01  5.1378081e-01 
   553 :  8.6642170e-02  2.9876307e-01 
   554 :  9.9677395e-02  5.1914705e-01 
   555 :  4.9978561e-01  1.2942474e-01 
   556 :  8.9285492e-01  9.3780044e-02 
   557 :  2.0622463e-01  1.9471414e-01 
   558 :  4.6395172e-01  1.3164795e-01 
   559 :  3.4536706e-02  1.0872535e-01 
   560 :  3.5084642e-01  8.2148275e-01 
   561 :  2.7140201e-01  8.3729131e-01 
   562 :  4.9979443e-01  9.7445849e-02 
   563 :  1.9542831e-01  2.8368245e-01 
   564 :  1.5889887e-01  2.7711245e-01 
   565 :  1.9558089e-01  7.8989359e-01 
   566 :  2.3499013e-01  2.8969272e-01 
   567 :  3.5599966e-01  1.7924402e-01 
   568 :  6.1392116e-02  2.5766652e-01 
   569 :  1.6415612e-01  5.0915012e-01 
   570 :  2.4968980e-01  7.1022566e-01 
   571 :  2.0881002e-01  1.5369143e-01 
   572 :  8.5713995e-01  1.5629917e-01 
   573 :  8.2142658e-01  3.1281840e-02 
   574 :  9.2856992e-01  1.2501870e-01 
   575 :  2.8447176e-01  6.8420452e-01 
   576 :  3.9916921e-01  9.4126229e-01 
   577 :  4.0243772e-01  9.1247538e-01 
   578 :  1.1494292e-01  7.8575426e-01 
   579 :  2.7815286e-01  8.0440276e-01 
   580 :  6.8010004e-02  1.4727419e-01 
   581 :  3.9206142e-01  1.3849253e-01 
   582 :  2.3293653e-01  5.7589331e-01 
   583 :  4.6898433e-01  8.0490645e-01 
   584 :  1.4705203e-01  9.3063180e-01 
   585 :  3.5058016e-01  7.3203570e-01 
   586 :  3.0859448e-01  8.4371433e-01 
   587 :  5.7136161e-01  6.3711389e-02 
   588 :  6.0671858e-02  4.1254663e-01 
   589 :  8.0822894e-02  3.6929032e-01 
   590 :  8.9289275e-01  8.7507133e-01 
   591 :  3.2029987e-01  7.2770766e-02 
   592 :  2.8337694e-01  1.1201830e-01 
   593 :  4.0959684e-01  8.5740737e-01 
   594 :  6.7877178e-01  9.6912733e-01 
   595 :  7.8570839e-01  1.5637235e-01 
   596 :  3.0269958e-01  8.7444359e-01 
   597 :  1.3098658e-01  4.7392474e-01 
   598 :  1.4178144e-01  3.7490030e-02 
   599 :  2.3104061e-01  4.2684497e-01 
   600 :  6.0710785e-01  1.8842399e-01 
   601 :  1.9741392e-01  5.4353110e-01 
   602 :  3.1926883e-01  1.8589998e-01 
   603 :  7.5020376e-01  8.4417548e-01 
   604 :  1.6556658e-01  2.3445262e-01 
   605 :  7.1441599e-01  9.6900120e-01 
   606 :  7.5008449e-01  9.6891505e-01 
   607 :  7.8576890e-01  9.6885740e-01 
   608 :  8.2146364e-01  9.6881923e-01 
   609 :  8.5716505e-01  9.6879394e-01 
   610 :  8.9287073e-01  9.6877719e-01 
   611 :  9.2857915e-01  9.6876567e-01 
   612 :  9.6428920e-01  9.6875709e-01 
   613 :  7.8571202e-01  2.1880108e-01 
   614 :  8.2142698e-01  2.1878245e-01 
   615 :  8.5714172e-01  2.1877045e-01 
   616 :  8.9285633e-01  2.1876257e-01 
   617 :  9.2857089e-01  2.1875721e-01 
   618 :  9.6428545e-01  2.1875327e-01 
   619 :  3.6692492e-02  9.2887979e-01 
   620 :  3.6205130e-02  9.6445578e-01 
Number of edges 150 
     0 :      0      8 
     1 :      8     22 
     2 :     22     21 
     3 :     21     23 
     4 :     23     20 
     5 :     20     24 
     6 :     24     19 
     7 :     19     25 
     8 :     25     18 
     9 :     18     26 
    10 :     26     17 
    11 :     17     27 
    12 :     27     16 
    13 :     16     28 
    14 :     28     15 
    15 :     15     29 
    16 :     29     14 
    17 :     14     30 
    18 :     30     13 
    19 :     13     31 
    20 :     31     12 
    21 :     12     32 
    22 :     32     11 
    23 :     11     33 
    24 :     33     10 
    25 :     10     34 
    26 :     34      9 
    27 :      9      1 
    28 :      2     35 
    29 :     35     49 
    30 :     49     48 
    31 :     48     50 
    32 :     50     47 
    33 :     47     51 
    34 :     51     46 
    35 :     46     52 
    36 :     52     45 
    37 :     45     53 
    38 :     53     44 
    39 :     44     54 
    40 :     54     43 
    41 :     43     55 
    42 :     55     42 
    43 :     42     56 
    44 :     56     41 
    45 :     41     57 
    46 :     57     40 
    47 :     40     58 
    48 :     58     39 
    49 :     39     59 
    50 :     59     38 
    51 :     38     60 
    52 :     60     37 
    53 :     37     61 
    54 :     61     36 
    55 :     36      0 
    56 :      3     62 
    57 :     62     66 
    58 :     66     63 
    59 :     63     67 
    60 :     67     64 
    61 :     64     68 
    62 :     68     65 
    63 :     65      2 
    64 :      3     69 
    65 :     69     76 
    66 :     76     70 
    67 :     70     77 
    68 :     77     71 
    69 :     71     78 
    70 :     78     72 
    71 :     72     79 
    72 :     79     73 
    73 :     73     80 
    74 :     80     74 
    75 :     74     81 
    76 :     81     75 
    77 :     75      4 
    78 :      4     82 
    79 :     82     93 
    80 :     93     92 
    81 :     92     94 
    82 :     94     91 
    83 :     91     95 
    84 :     95     90 
    85 :     90     96 
    86 :     96     89 
    87 :     89     97 
    88 :     97     88 
    89 :     88     98 
    90 :     98     87 
    91 :     87     99 
    92 :     99     86 
    93 :     86    100 
    94 :    100     85 
    95 :     85    101 
    96 :    101     84 
    97 :     84    102 
    98 :    102     83 
    99 :     83      5 
   100 :      5    103 
   101 :    103    110 
   102 :    110    104 
   103 :    104    111 
   104 :    111    105 
   105 :    105    112 
   106 :    112    106 
   107 :    106    113 
   108 :    113    107 
   109 :    107    114 
   110 :    114    108 
   111 :    108    115 
   112 :    115    109 
   113 :    109      6 
   114 :      7    116 
   115 :    116    120 
   116 :    120    117 
   117 :    117    121 
   118 :    121    118 
   119 :    118    122 
   120 :    122    119 
   121 :    119      6 
   122 :      1    123 
   123 :    123    137 
   124 :    137    136 
   125 :    136    138 
   126 :    138    135 
   127 :    135    139 
   128 :    139    134 
   129 :    134    140 
   130 :    140    133 
   131 :    133    141 
   132 :    141    132 
   133 :    132    142 
   134 :    142    131 
   135 :    131    143 
   136 :    143    130 
   137 :    130    144 
   138 :    144    129 
   139 :    129    145 
   140 :    145    128 
   141 :    128    146 
   142 :    146    127 
   143 :    127    147 
   144 :    147    126 
   145 :    126    148 
   146 :    148    125 
   147 :    125    149 
   148 :    149    124 
   149 :    124      7 
Number of quads 545 
     0 :    263    545    351    303
     1 :    221    249    415    315
     2 :    222    264    584    510
     3 :    596    586    495    304
     4 :    586    153    560    495
     5 :     62    491     69      3
     6 :    607    606    539    191
     7 :    609    608    322    536
     8 :    219    538    323    257
     9 :    308    311    187    369
    10 :    347    309     79     72
    11 :    403    540    260    363
    12 :    248    297    590    361
    13 :    224    598    263    458
    14 :    134    140    173    249
    15 :    494    319    615    614
    16 :    547    292    600    284
    17 :    144    129    480    299
    18 :    317    320    103      5
    19 :    320    318    110    103
    20 :    168    597    167    169
    21 :    599     87     98    283
    22 :     98     88    441    283
    23 :    197     86     99    428
    24 :    333    346     71     77
    25 :     63    310    159     66
    26 :     66    159    491     62
    27 :    370    184    333    218
    28 :    146    127    252    183
    29 :    318    327    104    110
    30 :    327    325    111    104
    31 :    352    531    237    431
    32 :    545    315    301    351
    33 :    328    330     85    100
    34 :    330    329    101     85
    35 :    123    137    241    280
    36 :    192    188    362    360
    37 :    346    189     78     71
    38 :    310    371    355    159
    39 :    606    605    548    539
    40 :    508    384    429    418
    41 :    556    381    574    164
    42 :    147    126    573    379
    43 :    313    290    292    547
    44 :    325    339    105    111
    45 :    339    337    112    105
    46 :    351    301    571    417
    47 :    195    341    342    340
    48 :    340    342     18     26
    49 :    342    305     25     18
    50 :    341    196    305    342
    51 :    496    254    245    579
    52 :    570    575    503    462
    53 :    585     94     92    344
    54 :    372    246    373    331
    55 :     64    259    190     67
    56 :    247    544    309    347
    57 :     68    312    259     64
    58 :    416    434    437    281
    59 :    465    221    315    545
    60 :    567    442    335    383
    61 :     67    190    310     63
    62 :    490    348    184    370
    63 :    404    375     80     73
    64 :    493    374    354    258
    65 :    575     95     91    503
    66 :    570    463    294    216
    67 :    380    122    119    618
    68 :    148    125    526    326
    69 :    316    202    595    535
    70 :    464    535    275    546
    71 :    415    151    592    251
    72 :    281    437     83    102
    73 :    184    369    346    333
    74 :    610    609    536    378
    75 :    539    548    353    540
    76 :    605    594    324    548
    77 :    324    360    219    537
    78 :    603    489    544    247
    79 :    361    590    490    371
    80 :    362    368    220    538
    81 :    442    497    416    335
    82 :    207    180    282    518
    83 :    425    423    233    446
    84 :    321     29     14    367
    85 :    597    155    569    552
    86 :     45     53    192    594
    87 :    331    373    375    404
    88 :    360    362    538    219
    89 :    159    355    307    491
    90 :    218    333     77     70
    91 :     54     43    402    161
    92 :    297    493    258    590
    93 :    186    257    246    372
    94 :    492    412    413    377
    95 :     52     45    594    605
    96 :    375    512     74     80
    97 :     53     44    188    192
    98 :    189    347     72     78
    99 :    371    490    370    355
   100 :    220    514    500    298
   101 :    594    192    360    324
   102 :    580    226    182    358
   103 :    529    291    395    475
   104 :    241    224    458    314
   105 :    562    515    414    555
   106 :    162    557    200    604
   107 :    237    215    408    289
   108 :    587    336    385    300
   109 :    251    592    485    382
   110 :    388    389    617    616
   111 :    480    529    475    336
   112 :    106    112    337    276
   113 :    284    600    327    318
   114 :    525    482    171    338
   115 :    481    409    581    334
   116 :    229    410    409    481
   117 :    142    131    467    172
   118 :    143    130    238    502
   119 :    141    132    163    530
   120 :    395    357    476    225
   121 :    136    138    598    224
   122 :    390    244    278    392
   123 :    304    495    255    391
   124 :    477    417    162    466
   125 :    171    120    117    201
   126 :    130    144    299    238
   127 :     56    399    400     42
   128 :     42    400    397     55
   129 :    400    398    158    397
   130 :    399    205    398    400
   131 :     55    397    402     43
   132 :    185    501    412    492
   133 :    190    361    371    310
   134 :    397    158    401    402
   135 :    355    370    218    307
   136 :    611    610    378    332
   137 :    540    353    198    260
   138 :    258    354    308    348
   139 :    391    255    593    234
   140 :     37    222    510     60
   141 :     60    510    277     38
   142 :     41    256    399     56
   143 :    385    204    508    290
   144 :    546    275    276    337
   145 :    292    418    396    600
   146 :    257    323    541    246
   147 :     75    413    411      4
   148 :    413    412    208    411
   149 :    608    607    191    322
   150 :    572    199    388    319
   151 :    299    480    336    587
   152 :    558    555    150    293
   153 :    182    466    527    386
   154 :    581    523    497    442
   155 :    132    142    172    163
   156 :    261    481    334    433
   157 :    600    396    325    327
   158 :    495    560    551    255
   159 :    456    176    505    542
   160 :    560    268    295    551
   161 :     11    430    240     32
   162 :    431    237    289    202
   163 :    591    229    481    261
   164 :    497    293    434    416
   165 :    592    261    433    485
   166 :    476    394    316    302
   167 :    502    238    274    165
   168 :    423    424     27     16
   169 :    423    425    157    424
   170 :    444    207    518    168
   171 :    445    589    427    166
   172 :    179    197    428    180
   173 :    599    428     99     87
   174 :    588    321    367    364
   175 :    408    164    199    572
   176 :    429    464    546    227
   177 :    433    334    567    602
   178 :    131    143    502    467
   179 :    326    526    421    170
   180 :    145    128    291    529
   181 :    358    182    386    250
   182 :    571    382    242    557
   183 :    225    476    302    384
   184 :    125    149    525    526
   185 :    139    134    249    221
   186 :    458    263    303    209
   187 :    507    420    449    533
   188 :    393    474    450    356
   189 :    157    435    436    424
   190 :    424    436     17     27
   191 :    436    340     26     17
   192 :    435    195    340    436
   193 :    319    388    616    615
   194 :    279    281    102     84
   195 :    437    317      5     83
   196 :    582    440     97     89
   197 :    440    441     88     97
   198 :    366    519    270    564
   199 :    441    439    181    283
   200 :    570    216    443    575
   201 :     34    534    559     10
   202 :    409    459    523    581
   203 :    135    139    221    465
   204 :    183    252    486    357
   205 :    245    462    287    517
   206 :     90    443    438     96
   207 :     23     20    457    474
   208 :    345    273    511    565
   209 :    445    166    553    519
   210 :    166    427    488    156
   211 :    444    366    478    207
   212 :    267    272     30     13
   213 :    554    425    446    167
   214 :    519    553    154    270
   215 :    365    240    250    568
   216 :    620    619    406    230
   217 :    277    456    542    178
   218 :    392    278    577    576
   219 :    584    461    176    456
   220 :    213    452    453    451
   221 :    451    453     82      4
   222 :    453    343     93     82
   223 :    452    175    343    453
   224 :    509    455    543    243
   225 :    178    542    405    419
   226 :    230    406    264    222
   227 :    565    511    254    496
   228 :    236    578    345    231
   229 :    577    234    206    506
   230 :    579    245    517    153
   231 :    231    345    565    455
   232 :    449    196    483    473
   233 :    170    421    556    215
   234 :    410    350    459    409
   235 :    126    148    326    573
   236 :    293    150    286    434
   237 :    463    269    193    294
   238 :    306    236    231    472
   239 :    287    585    344    296
   240 :    475    395    225    204
   241 :    349    383    329    330
   242 :    201    117    121    359
   243 :    195    435    471    468
   244 :    503     91     94    585
   245 :    435    157    470    471
   246 :    256    576    205    399
   247 :     36    620    230     61
   248 :    223    407    390    460
   249 :     20     24    507    457
   250 :    252    379    352    486
   251 :    379    573    531    352
   252 :    434    286    317    437
   253 :    423     16     28    233
   254 :    447    156    267    479
   255 :    156    488    272    267
   256 :    568    447    479    365
   257 :    555    414    285    150
   258 :    151    591    261    592
   259 :    396    227    339    325
   260 :    196    341    484    483
   261 :    457    507    533    177
   262 :    356    450    306    516
   263 :    341    195    468    484
   264 :    203    349    330    328
   265 :     10    559    239     33
   266 :    238    299    587    274
   267 :    534    314    214    559
   268 :    444    487    589    445
   269 :    444    445    519    366
   270 :    548    324    537    353
   271 :    323    298    185    541
   272 :    348    308    369    184
   273 :    332    378    297    248
   274 :    489    372    331    544
   275 :    541    185    492    376
   276 :    354    363    311    308
   277 :    280    241    314    534
   278 :    314    458    209    214
   279 :    357    486    394    476
   280 :    486    352    431    394
   281 :    601    439    441    440
   282 :     61    230    222     37
   283 :     12     32    240    365
   284 :    382    485    210    242
   285 :    150    285    498    286
   286 :    208    412    501    499
   287 :    499    501    500    160
   288 :    259    248    361    190
   289 :    374    403    363    354
   290 :    285    547    284    498
   291 :    300    385    290    313
   292 :    214    209    226    580
   293 :    249    173    151    415
   294 :    194    288    524    504
   295 :    407    454    244    390
   296 :    255    551    217    593
   297 :    533    449    473    578
   298 :    420    305    196    449
   299 :    199    253    389    388
   300 :    334    581    442    567
   301 :    359    121    118    211
   302 :     39    419    223     58
   303 :    474    457    177    450
   304 :    517    287    296    268
   305 :     59    178    419     39
   306 :     65    612    312     68
   307 :    590    258    348    490
   308 :    514    513    160    500
   309 :    401    158    513    514
   310 :    485    433    602    210
   311 :    515    300    313    414
   312 :     40    460    235     57
   313 :    177    533    578    236
   314 :    593    217    232    266
   315 :    578    473    273    345
   316 :    518    282    181    155
   317 :    365    479     31     12
   318 :    589    364    488    427
   319 :    169    426    588    487
   320 :    160    521    522    499
   321 :    499    522    520    208
   322 :    522    266    232    520
   323 :    521    206    266    522
   324 :    526    525    338    421
   325 :    432    572    319    494
   326 :    124      7    116    482
   327 :    549    470    554    552
   328 :    288    469    549    550
   329 :    235    392    576    256
   330 :    510    584    456    277
   331 :    202    289    432    595
   332 :    498    284    318    320
   333 :    133    141    530    212
   334 :    158    398    528    513
   335 :    513    528    521    160
   336 :    528    506    206    521
   337 :    398    205    506    528
   338 :    383    335    279    329
   339 :    417    571    557    162
   340 :    595    432    494    262
   341 :    335    416    281    279
   342 :    543    496    579    561
   343 :    406    356    516    264
   344 :    254    570    462    245
   345 :    619    393    356    406
   346 :    149    124    482    525
   347 :    301    251    382    571
   348 :    373    376    512    375
   349 :    353    537    186    198
   350 :    311    603    247    187
   351 :    246    541    376    373
   352 :    191    539    540    403
   353 :    161    402    401    368
   354 :    376    492    377    512
   355 :    188    161    368    362
   356 :    544    331    404    309
   357 :    363    260    603    311
   358 :    198    186    372    489
   359 :     19     25    305    420
   360 :    264    516    461    584
   361 :    278    391    234    577
   362 :    298    500    501    185
   363 :     44     54    161    188
   364 :    537    219    257    186
   365 :    538    220    298    323
   366 :    154    553    447    568
   367 :    559    214    580    239
   368 :    212    530    229    591
   369 :    187    247    347    189
   370 :    491    307     76     69
   371 :    260    198    489    603
   372 :    368    401    514    220
   373 :    550    549    552    569
   374 :    194    228    469    288
   375 :    193    269    483    484
   376 :    469    471    470    549
   377 :    460    390    392    235
   378 :    472    231    455    509
   379 :    524    601    440    582
   380 :    426    271    321    588
   381 :    425    554    470    157
   382 :    216    504    438    443
   383 :    168    518    155    597
   384 :    211    118    122    380
   385 :    430    358    250    240
   386 :    422    203    328    566
   387 :    394    431    202    316
   388 :    574    359    211    253
   389 :    350    174    387    459
   390 :    113    106    276    613
   391 :    302    316    535    464
   392 :    576    577    506    205
   393 :    152    561    586    596
   394 :    473    483    269    273
   395 :    176    509    243    505
   396 :    527    604    564    270
   397 :    227    546    337    339
   398 :    530    163    410    229
   399 :    535    595    262    275
   400 :    573    326    170    531
   401 :    193    484    468    228
   402 :    461    472    509    176
   403 :    516    306    472    461
   404 :    197    328    100     86
   405 :    165    274    515    562
   406 :    303    351    417    477
   407 :    262    494    614    613
   408 :    138    135    465    598
   409 :    466    162    604    527
   410 :    531    170    215    237
   411 :    478    563    566    179
   412 :    446    233    271    426
   413 :    367     14     30    272
   414 :    155    181    439    569
   415 :    129    145    529    480
   416 :    154    386    527    270
   417 :    207    478    179    180
   418 :    479    267     13     31
   419 :    228    468    471    469
   420 :     38    277    178     59
   421 :    462    503    585    287
   422 :    294    194    504    216
   423 :    575    443     90     95
   424 :    140    133    212    173
   425 :      9    280    534     34
   426 :    418    429    227    396
   427 :    215    556    164    408
   428 :    414    313    547    285
   429 :    239    580    358    430
   430 :     33    239    430     11
   431 :    523    558    293    497
   432 :    204    225    384    508
   433 :    602    567    383    349
   434 :     57    235    256     41
   435 :    296    344    343    175
   436 :     21     23    474    393
   437 :      1    123    280      9
   438 :    389    380    618    617
   439 :    542    505    265    405
   440 :    551    295    448    217
   441 :    291    183    357    395
   442 :    338    171    201    381
   443 :    128    146    183    291
   444 :    550    569    439    601
   445 :    582     89     96    438
   446 :    213    451    583    532
   447 :    532    583    520    232
   448 :    583    411    208    520
   449 :    451      4    411    583
   450 :    234    593    266    206
   451 :    243    543    561    152
   452 :     58    223    460     40
   453 :    344     92     93    343
   454 :    450    177    236    306
   455 :    294    193    228    194
   456 :    505    243    152    265
   457 :    217    448    532    232
   458 :    153    517    268    560
   459 :     24     19    420    507
   460 :    268    296    175    295
   461 :    253    211    380    389
   462 :    164    574    253    199
   463 :    173    212    591    151
   464 :    553    166    156    447
   465 :    366    564    563    478
   466 :    487    588    364    589
   467 :    597    552    554    167
   468 :    271     15     29    321
   469 :    167    446    426    169
   470 :    309    404     73     79
   471 :    307    218     70     76
   472 :    378    536    493    297
   473 :    209    303    477    226
   474 :    172    467    174    350
   475 :    315    415    251    301
   476 :    275    262    613    276
   477 :    226    477    466    182
   478 :    405    265    454    407
   479 :     22     21    393    619
   480 :    265    152    596    454
   481 :    312    332    248    259
   482 :    512    377     81     74
   483 :    377    413     75     81
   484 :    369    187    189    346
   485 :    336    475    204    385
   486 :    242    210    203    422
   487 :    200    422    566    563
   488 :    448    452    213    532
   489 :    295    175    452    448
   490 :    454    596    304    244
   491 :    179    566    328    197
   492 :    444    168    169    487
   493 :    364    367    272    488
   494 :    511    463    570    254
   495 :    233     28     15    271
   496 :    459    387    558    523
   497 :    568    250    386    154
   498 :    244    304    391    278
   499 :    421    338    381    556
   500 :    467    502    165    174
   501 :    387    562    555    558
   502 :    381    201    359    574
   503 :    561    579    153    586
   504 :    273    269    463    511
   505 :    455    565    496    543
   506 :    279     84    101    329
   507 :    289    408    572    432
   508 :    282    180    428    599
   509 :    283    181    282    599
   510 :    163    172    350    410
   511 :    598    465    545    263
   512 :    127    147    379    252
   513 :    288    550    601    524
   514 :    504    524    582    438
   515 :    286    498    320    317
   516 :    482    116    120    171
   517 :    274    587    300    515
   518 :    384    302    464    429
   519 :    174    165    562    387
   520 :    604    200    563    564
   521 :    137    136    224    241
   522 :    419    405    407    223
   523 :    536    322    374    493
   524 :    612    611    332    312
   525 :    322    191    403    374
   526 :    557    242    422    200
   527 :    290    508    418    292
   528 :    210    602    349    203
   529 :     46     52    605    606
   530 :     51     46    606    607
   531 :     47     51    607    608
   532 :     50     47    608    609
   533 :     48     50    609    610
   534 :     49     48    610    611
   535 :     35     49    611    612
   536 :      2     35    612     65
   537 :    107    113    613    614
   538 :    114    107    614    615
   539 :    108    114    615    616
   540 :    115    108    616    617
   541 :    109    115    617    618
   542 :      6    109    618    119
   543 :      8     22    619    620
   544 :      0      8    620     36
Number of domains 8
  Domain :      0 
  Name : Symmetry
  Number of elements :     28
     0     1     2     3     4     5     6     7     8     9
    10    11    12    13    14    15    16    17    18    19
    20    21    22    23    24    25    26    27
  Domain :      1 
  Name : Top
  Number of elements :     28
    28    29    30    31    32    33    34    35    36    37
    38    39    40    41    42    43    44    45    46    47
    48    49    50    51    52    53    54    55
  Domain :      2 
  Name : Entity 2 
  Number of elements :      8
    56    57    58    59    60    61    62    63
  Domain :      3 
  Name : Entity 3 
  Number of elements :     14
    64    65    66    67    68    69    70    71    72    73
    74    75    76    77
  Domain :      4 
  Name : Entity 4 
  Number of elements :     22
    78    79    80    81    82    83    84    85    86    87
    88    89    90    91    92    93    94    95    96    97
    98    99
  Domain :      5 
  Name : Entity 5 
  Number of elements :     14
   100   101   102   103   104   105   106   107   108   109
   110   111   112   113
  Domain :      6 
  Name : Entity 6 
  Number of elements :      8
   114   115   116   117   118   119   120   121
  Domain :      7 
  Name : Bottom
  Number of elements :     28
   122   123   124   125   126   127   128   129   130   131
   132   133   134   135   136   137   138   139   140   141
   142   143   144   145   146   147   148   149
